1410.62
1080.47
1070.3
1085.48
1092.68
1070.39
1183.77
1086.88
1082.26
1069.86
1142.96
1119.33
1100.9
1246.47
1347.45
1093.46
1078.31
1082.31
1086.93
1081.16
1136.36
1143.31
1373.02
1366.06
1097.68
1068.08
1073.05
1362.2
1089.39
1121.03
1193.57
1107.72
1108.53
1135.2
1105.75
1073.74
1130.7
1113.03
1099.17
1089.79
1109.93
1073.21
1079.58
1149.09
1417.3
1095.96
1066.4
1522.33
1076.87
1292.74
1088.13
1119.03
1069.01
1131.75
1082.8
1082.34
1081.64
1063.77
1330.15
1055.3
1077.06
1068
1356.21
1367.35
1385.99
1356.37
1366.37
1370.1
1369.54
1113.82
1083.37
1072.3
1074.51
1101.93
1077.2
1118.97
1075.34
1058.02
1130.51
1140.04
1113.29
1084.23
1081.7
1089.81
1070.43
1128.29
1081.97
1099.93
1088.18
1124.34
1092.84
1125.49
1145.53
1094.74
1100.74
1085.08
1092.79
1107.19
1146.37
1062.17
