0.053969
0.049575
0.048756
0.053126
0.050174
0.032777
0.03572
0.03149
0.02987
0.046639
0.05019
0.02704
0.030876
0.023427
0.053006
0.033462
0.182107
0.048107
0.031706
0.032733
0.033297
0.039994
0.031076
0.028539
0.022815
0.029107
0.044618
0.044284
0.029362
0.024972
0.027583
0.030159
0.04769
0.03178
0.049817
0.050153
0.123503
0.052562
0.051182
0.025948
0.05934
0.031585
0.030714
0.049944
0.025967
0.053865
0.052279
0.061076
0.032325
0.051339
0.023267
0.051891
0.030019
0.054985
0.030241
0.053129
0.030612
0.052459
0.053953
0.055262
0.022806
0.024658
0.024716
0.056442
0.023511
0.024
0.02405
0.056364
0.049503
0.051858
0.024176
0.050781
0.024457
0.024538
0.030683
0.029554
0.023563
0.024308
0.024907
0.02518
0.027106
0.031981
0.028339
0.050536
0.0551
0.031921
0.024722
0.054225
0.023312
0.030505
0.050159
0.025137
0.055566
0.023457
0.048902
0.049546
0.05853
0.050113
0.029452
0.027141
