2136.26
1817.23
1855.53
1939.1
1837.48
1842.96
1881.52
1842.85
1901.18
1866.62
1863.99
1829.05
1908.37
1855.35
1836.51
1891.46
1802
1839.91
1953.04
1865
1827.15
1932.58
2305.38
2329.04
1814.71
1844.04
1816.27
1909.48
1916.03
1909.27
2005.55
1917.26
1872.01
1819.48
1869.85
1857.19
1843.81
1851.04
1936.93
2011.08
1895.06
1843.39
1821.22
2115.13
2383.3
1863.37
1805.97
2024.06
1807.78
2079.28
1857.7
1831.07
1824.61
1865.86
1838.34
1900.44
1825.6
1822.63
2297.34
1808.44
1973.89
1827.32
2319.81
2304.13
2318.05
2334.27
2305.18
2315.22
2324.91
1846.16
1870.21
1962.12
1965.45
1845.63
1815.74
1822.74
1859.66
1814.17
1870.83
1941.58
1838.67
1814.03
1908.25
1830.46
2029.81
2381.17
1821.08
1834.69
1865.96
2306
1939.08
1922.77
1884.87
1849.26
1824.68
1848.2
1914.74
2036.83
1868.5
1830.09
