433.586
339.575
336.304
338.671
356.087
350.576
361.343
342.194
369.628
355.501
449.813
350.866
355.999
354.35
356.75
352.137
354.351
343.596
337.207
352.501
364.654
371.534
436.314
382.533
345.385
358.755
345.7
338.735
360.071
357.455
335.233
361.403
366.274
373.761
368.501
349.719
397.678
354.059
356.452
341.189
357.702
341.978
362.203
394.864
465.328
383.769
385.282
361.978
356.997
391.63
357.742
361.975
352.021
343.001
348.937
350.231
367.728
365.095
337.912
340.855
348.932
352.891
463.181
441.982
434.76
438.915
429.776
429.376
438.257
363.676
366.536
359.612
390.031
338.315
362.105
363.154
342.504
359.986
366.677
340.667
360.713
339.722
354.242
369.634
348.769
371.391
340.955
351.904
349.955
349.449
339.247
365.015
390.736
343.119
349.966
351.639
362.313
372.554
361.327
343.27
