61.7605
55.5413
62.2662
62.1437
59.5006
53.7239
55.3936
54.2976
61.7209
47.0009
51.7615
53.5405
36.5505
51.6511
58.7341
55.5142
62.0696
58.784
59.2089
56.618
56.9383
52.6898
59.3871
38.3706
53.1352
48.0069
56.3113
50.5533
40.3695
47.5002
54.1942
57.7422
59.1049
55.9317
43.4177
56.3611
44.3019
53.3082
55.8528
58.9387
56.5949
57.172
56.8234
46.1342
55.1981
39.2785
50.4212
35.8488
54.0448
37.3124
35.973
53.4572
42.0425
45.6862
54.0885
32.2602
63.0707
56.0368
60.0602
39.8541
38.4311
39.1382
48.7605
52.5734
47.8715
48.0422
52.7587
52.1493
52.4917
38.4598
35.8239
35.7236
57.5888
54.4378
56.3709
42.1846
40.2529
43.2276
53.6202
50.9347
53.1239
56.7314
49.23
52.9709
56.0002
39.966
35.6172
35.7135
35.495
35.6369
49.4032
38.1617
52.2695
37.1374
53.0284
50.9317
54.3905
54.3024
53.6461
54.2992
