0.626266
0.676308
0.562602
0.692032
0.455144
0.39882
0.264813
0.336349
0.419181
0.567929
0.383277
0.43416
0.359455
0.358532
0.388227
0.476785
0.534997
0.725269
0.360655
0.381838
0.435092
0.395179
0.407454
0.43037
0.383918
0.425648
0.361312
0.438013
0.354972
0.345364
0.389958
0.342632
0.459385
0.355732
0.482611
0.401487
0.361935
0.331544
0.33315
0.282666
0.348168
0.395579
0.347904
0.600618
0.303038
0.365265
0.439562
0.425981
0.326999
0.294727
0.410739
0.274415
0.346093
0.455577
0.315757
0.291159
0.536107
0.442162
0.65122
0.619781
0.290871
0.292568
0.277685
0.274484
0.268128
0.333281
0.281389
0.303386
0.365996
0.287254
0.276647
0.289551
0.309271
0.333409
0.514412
0.344812
0.331507
0.305027
0.549782
0.37996
0.324602
0.404644
0.496946
0.303114
0.342703
0.545996
0.258398
0.257153
0.299881
0.351253
0.303108
0.311224
0.307059
0.270872
0.348014
0.46326
0.435923
0.448919
0.47191
0.445902
