6.54751
6.31641
6.67075
6.39903
6.4502
6.18889
4.16645
6.05591
6.05379
6.03083
5.93186
4.67169
6.04964
5.33452
6.30304
6.35365
6.28231
6.24687
6.3238
5.87672
5.39571
6.11337
5.97443
6.19631
5.88638
5.89787
5.8909
6.22509
6.01383
5.7697
5.60161
4.52223
5.9308
6.27722
4.14239
5.73799
4.03832
5.66926
3.94789
6.07065
5.42446
6.15148
5.28584
4.3967
3.59436
3.68466
3.2126
3.95008
6.81262
3.78239
3.79345
3.89934
4.59824
4.87207
5.65993
5.99278
5.06779
6.05814
6.06869
6.14791
3.1656
3.34918
5.77822
5.0384
5.8922
5.88652
5.39458
3.81711
3.97003
3.62385
4.69052
6.01132
4.665
5.84515
6.04529
3.77827
5.3633
5.97856
6.44514
3.57992
5.42401
4.20641
3.58182
5.96729
3.7523
6.07276
3.03756
3.05596
3.05792
5.46972
5.86515
3.21102
5.42797
3.08731
5.62555
6.38976
4.95876
6.21243
3.79772
5.47701
