3566.82
2958.75
2974.58
3110.14
2965.6
2950.16
3078.22
3029.03
2967.04
3146.34
2996.24
2970.58
3160.11
3288.06
3021.13
3075.7
3318.9
2946.13
3027.46
3041.72
3035.79
3231.29
3845.26
3446.5
3036.19
2980.7
3034.94
3126.56
3127.56
3039.78
2926.35
3133.28
3107.85
2995.1
2987.49
3163.69
3001.7
2959.16
3204.57
3143.82
2987.66
3371.18
2975.84
3157.62
3060.1
3082.23
3046.12
3023.07
3151.62
3077.71
2968.96
2960.58
2975.9
3012.55
2967.54
3091.21
2975.28
3209.36
3657.88
3219.29
2984.25
3162.85
3746.46
3754.28
3740.73
3745.72
3778.46
3797.89
2982.76
3020.98
3153.71
3161.55
2958.58
3122.64
2969.5
2951.74
2947.88
2975.78
2966.67
3015.45
3071.14
2930.52
2951.81
2964.83
2945.8
3239.68
3026.13
3009.63
3028.55
3345.41
3124.17
3221.58
3123.61
3051
2997.27
3019.6
3098.73
3118.79
2972.13
3050.43
